[{"id": 0, "img_name": "0", "width": 1280, "height": 720, "position": [4.279720524662365e-05, 3.380202394707317e-06, 4.170411570217097e-05], "rotation": [[0.9999999834899115, 4.4962609013352065e-05, 0.00017606402344766812], [-4.4967709698327746e-05, 0.9999999985694153, 2.8966774573017353e-05], [-0.00017606272077403412, -2.8974691290668054e-05, 0.9999999840811926]], "fy": 813.237, "fx": 820.5634}, {"id": 1, "img_name": "0", "width": 1280, "height": 720, "position": [5.0896288592995396e-05, 3.143502626915846e-05, -8.60816790113752e-06], "rotation": [[0.9999999727396269, 0.0001253323598933751, 0.00019700899776504513], [-0.0001253395676293429, 0.9999999914761712, 3.657390046996693e-05], [-0.00019700441219251775, -3.6598592495547726e-05, 0.9999999799249022]], "fy": 813.237, "fx": 820.5634}, {"id": 2, "img_name": "2", "width": 1280, "height": 720, "position": [0.186984899630402, -0.011990228824916087, 0.44331486831678296], "rotation": [[0.9999690132166547, 0.007460129826853145, -0.002513775940024905], [-0.0074376643566617245, 0.9999333466824379, 0.008830817707170995], [0.0025794874350916633, -0.008811847446826181, 0.9999578479061736]], "fy": 813.237, "fx": 820.5634}]